0amboss_addon
1043915942
1052724801
1097423555
1102281552
1135507717
1136455830
1187194862
1210908941
1222550498
1374772155
1435775540
144100758
1461102936
1531997860
1672832404
1686259334
1734822644
1739176371
1788670778
1898445115
1918380616
1949865265
1960039667
1990296174
1994540215
2040501954
208879074
225180905
2494384865
272311064
291119185
295889520
31746032
385888438
396502676
43919973
46611790
498789867
561924305
561945101
594329229
656021484
817108664
831846358
874215009
882784122
929609616
965278890
medical_calculation
review_heatmap